5
96
6
10
8
15
11
12
13
9
10
12
7
8
15
16
16
11
7.5
9
13
12
14
6
12
7
7
16
14
13
10
92
84
88
75
80
79
77
63
70
69
64
66
63
71
62
67
66.5
71
50
60
51
52
53
54
55
56
57
58
59
55
49.5
59.5
54
51
42
41
49
43
39
42
49
40
42
48
38
49
42
40
41
40
46
48
41
46
39
39
46
46
43
49
48
48
44
45
27
35
37
33
27
36
27
38
31
36
34
30
34
30
30
32
28
29
32
34
30
35
32
33
37
35
38
31
30
30
36
33
28
31
28
29
37
34
33
28
38
37
34
37
20
20
22
19
26
23
25
26
16
21
26
16
20
21
24
23
18
25
25
19
26
24
20
23
23
21
19
22
20
22
21
19
27
18
20
20
22
20
24
20
17
20
22
19
27
27
17
21
25
17
22
16
25
22
26
25
22
24
